t666_022.fits 022 -350  250
t666_023.fits 023 -350  150
t666_024.fits 024 -350   50
t666_025.fits 025 -350  -50
t666_026.fits 026 -350 -150
t666_027.fits 027 -350 -250
t666_032.fits 032 -250  250
t666_033.fits 033 -250  150
t666_034.fits 034 -250   50
t666_035.fits 035 -250  -50
t666_036.fits 036 -250 -150
t666_037.fits 037 -250 -250
t666_042.fits 042 -150  250
t666_043.fits 043 -150  150
t666_044.fits 044 -150   50
t666_045.fits 045 -150  -50
t666_046.fits 046 -150 -150
t666_047.fits 047 -150 -250
t666_053.fits 053  -50  150
t666_073.fits 073  150  150
t666_074.fits 074  150   50
t666_074.fits 075  150  -50
t666_076.fits 076  150 -150
t666_083.fits 083  250  150
t666_084.fits 084  250   50
t666_085.fits 085  250  -50
t666_086.fits 086  250 -150
t666_093.fits 093  350  150
t666_094.fits 094  350   50
t666_095.fits 095  350  -50
t666_096.fits 096  350 -150
t666_103.fits 103  450  150
t666_104.fits 104  450   50
t666_105.fits 105  450  -50
t666_106.fits 106  450 -150
