# IFUSLOT X  Y
013 +700 +400
014 +700 +300
015 +700 +200
016 +700 +100
021 +600 +600
022 +600 +500
023 +600 +400
024 +600 +300
025 +600 +200
026 +600 +100
027 +600 +800
028 +600 +700
030 +500 +700
031 +500 +600
032 +500 +500
033 +500 +400
034 +500 +300
035 +500 +200
036 +500 +100
037 +500 +000
038 +500 +800
039 +500 +900
040 +400 +700
041 +400 +600
042 +400 +500
043 +400 +400
044 +400 +300
045 +400 +200
046 +400 +100
047 +400 +000
048 +400 +800
049 +400 +900
050 +800 +800
051 +800 +600
052 +800 +500
053 +800 +400
057 +800 +000
058 +800 +800
059 +800 +900
060 +900 +700
061 +900 +600
062 +900 +400
063 +900 +400
067 +900 +000
068 +900 +800
069 +900 +900
070 +000 +700
071 +000 +600
072 +000 +500
073 +000 +400
074 +000 +300
075 +000 +200
076 +000 +100
077 +000 +000
078 +000 +800
079 +000 +900
080 +100 +700
081 +100 +600
082 +100 +500
083 +100 +400
084 +100 +300
085 +100 +200
086 +100 +100
087 +100 +000
088 +100 +800
089 +100 +900
091 +200 +600
092 +200 +500
093 +200 +400
094 +200 +300
095 +200 +200
096 +200 +100
097 +200 +000
098 +200 +800
103 +300 +300
104 +300 +200
105 +300 +100
106 +300 +000
