# IFUSLOT X  Y
015 +700 +200
021 +600 +600
022 +600 +500
023 +600 +400
024 +600 +300
025 +600 +200
026 +600 +100
027 +600 +000
032 +500 +500
033 +500 +400
034 +500 +300
035 +500 +200
036 +500 +100
037 +500 +000
042 +400 +500
043 +400 +400
044 +400 +300
045 +400 +200
046 +400 +100
047 +400 +000
052 +800 +500
053 +800 +400
057 +800 +000
062 +900 +400
063 +900 +400
072 +000 +500
073 +000 +400
074 +000 +300
075 +000 +200
076 +000 +100
077 +000 +000
082 +100 +500
083 +100 +400
084 +100 +300
085 +100 +200
086 +100 +100
087 +100 +000
092 +100 +500
093 +200 +400
094 +200 +300
095 +200 +200
096 +200 +100
097 +200 +000
103 +300 +300
104 +300 +200
105 +300 +100
106 +300 +000
